413
-415
434
-467
492
-501
-508
519
-536
561
584
-593
-601
606
607
610
619
-636
638
649
662
-673
680
-680
-692
693
698
-698
719
-737
766
771
787
795
827
-833
-849
867
888
899
-919
944
945
-949
-951
-956
-968
-971
-993
1014
1025
1028
1038
1061
-1063
-1116
1130
-1136
1140
-1156
1175
-1182
-1188
-1210
-1229
-1239
-1240
-1240
1246
-1247
1270
1271
-1297
1310
-1318
-1319
1322
-1327
-1330
-1344
1346
1354
-1377
-1380
1413
-1418
1421
1436
-1443
1465
1475
-1492
-1511
-1536
1543
1551
-1556
1563
-1565
-1589
-1600
1605
-1630
-1641
-1642
1665
1669
-1685
-1704
-1725
1731
-1735
-1742
1747
-1747
1757
-1761
-1778
1803
-1815
1824
-1847
-1857
1863
1871
-1888
-1891
1905
-1907
-1914
-1921
1927
1933
1941
-1944
1962
1965
1973
-1976
1980
-1984
-1991
-1995
-2018
2036
-2043
2051
-2052
2055
-2062
-2076
-2085
2088
2108
2111
2116
-2124
-2126
-2138
2139
2148
-2158
2176
2184
2193
2209
2212
2220
2222
-2224
-2226
-2231
-2236
2244
-2247
2253
2258
-2270
2277
-2277
2293
-2293
2324
-2327
-2338
2352
-2358
-2366
-2367
2374
-2375
-2378
-2378
2391
2400
-2415
-2417
2427
2438
-2448
-2452
2470
2482
2482
-2494
-2495
-2499
-2506
-2512
2521
2555
2562
-2566
2571
2574
2578
2603
-2611
2615
2616
-2621
2627
2674
2679
2688
2703
-2715
2733
2739
-2739
-2758
2785
2788
2793
2801
-2833
2849
-2852
-2879
2894
-2899
-2906
2948
2962
-2970
2972
2989
-2991
2992
-3000
-3002
-3003
3009
3015
-3029
-3031
3037
3040
3055
3058
3069
-3069
-3072
3076
3078
3085
-3103
-3122
3123
-3131
3132
3160
3168
-3191
3195
-3195
3206
-3226
3232
3234
-3235
-3247
-3247
3249
-3261
-3261
3277
-3278
-3301
-3303
-3322
3338
-3349
3372
3374
-3417
3420
3444
-3444
3451
-3452
3486
3510
-3534
3542
3556
-3556
3560
-3563
3583
-3583
3588
3589
-3606
3622
-3647
-3658
-3686
3691
-3695
3720
-3721
-3737
-3751
-3754
3756
-3793
3827
-3838
-3846
3859
-3863
3869
3872
3876
3880
3883
3884
-3893
3929
-3951
3965
-3999
4031
-4036
-4039
4094
-4096
4100
4135
4138
-4147
-4151
4153
4160
-4173
4181
4187
4194
4199
-4203
-4211
-4214
-4244
-4252
4256
4264
4274
-4296
-4318
4341
4343
-4354
4356
4356
4357
4381
4399
4404
-4415
-4430
-4437
-4443
-4470
-4475
-4483
-4490
-4517
-4538
4554
4560
4585
-4595
4611
-4612
-4620
-4628
4696
4701
4702
-4712
4713
-4714
-4731
4733
4736
-4737
-4741
-4754
4765
4781
-4785
4798
-4840
4843
-4848
-4850
-4866
4875
-4879
4885
4887
4907
-4912
4915
-4915
-4926
4933
-4944
4950
4953
-4959
-4961
4964
4976
-4977
4992
-4998
5005
5022
-5026
5028
5030
-5039
5051
-5051
5069
-5072
5083
5094
5095
5110
5111
5116
-5116
-5147
5161
-5161
-5164
5167
5197
-5200
5225
5225
-5246
5247
5264
-5268
-5270
5287
-5297
-5304
-5309
5335
-5344
-5363
5375
-5376
-5395
-5398
-5401
5412
-5412
-5413
5422
5426
5445
-5449
-5466
5468
5474
-5482
-5490
5507
-5508
-5520
5528
5540
-5545
5548
5559
5573
5585
-5588
-5602
-5602
5606
5638
5641
5642
5649
5661
5669
5694
5705
-5707
5710
5721
5738
5744
5749
5753
5788
-5792
5803
5804
5814
5818
-5818
-5820
5832
-5841
-5868
5879
5884
-5907
-5921
5937
-5975
5983
-5984
-6010
6012
-6018
6025
-6026
6027
6031
6065
6075
-6085
-6091
-6093
-6094
-6134
6138
-6158
-6160
6170
-6175
-6176
6179
6188
6208
-6220
-6236
-6239
6246
-6251
-6254
-6256
-6256
-6263
-6268
6283
-6288
-6289
-6293
-6299
6313
6323
6331
-6333
-6368
-6370
-6375
-6379
6395
6403
-6405
6407
-6408
-6417
6419
-6430
6448
6455
6464
-6469
6483
6483
6503
-6504
-6524
6525
6541
-6558
-6560
6591
-6591
6596
-6603
6607
6608
6612
-6624
-6665
6678
6683
6685
-6685
6687
6690
-6697
-6703
-6710
-6736
6738
6738
-6746
6747
-6752
6764
-6768
6769
-6775
-6781
6784
6786
-6805
6819
6819
6825
-6867
-6872
6875
6909
-6912
-6913
-6914
6916
-6922
6925
6925
6930
-6974
6980
-6991
-6992
-7006
7019
-7020
-7033
-7054
-7062
-7080
7095
-7096
7114
7122
7127
-7132
7162
-7170
7179
7190
-7214
7240
7241
7255
7268
7281
7289
7291
-7316
7326
-7326
-7331
7338
-7378
7385
-7388
-7390
7412
-7413
-7425
-7427
7432
-7440
7444
7451
-7460
7470
-7473
-7484
7493
-7506
7513
7527
-7539
7541
-7556
-7558
7590
7666
-7691
-7693
-7698
-7709
-7731
-7733
-7745
7760
-7767
-7770
7773
7784
-7800
-7822
7838
-7838
-7839
7841
-7852
7880
-7880
-7885
-7888
7889
7905
7905
7921
-7939
-7946
7949
-7958
-7966
-7966
7969
7973
-7976
-7984
7991
-8007
8040
8052
-8078
-8100
-8130
8157
-8173
-8177
8182
8188
8216
8222
-8234
-8252
8257
-8276
-8277
-8278
8293
8300
8322
8324
-8327
8355
8375
8376
8384
-8406
-8419
8422
-8423
8431
8449
-8469
-8473
-8486
-8494
-8498
-8497
-8496
-8513
-8521
8523
-8530
8534
-8535